Unit: AI: infantry
275,539 337,540 407,541 473,541 525,541 608,544 1182,528 1299,529
Unit: AI: cavalry
982,665 1049,665 1048,727 969,729 138,656 42,653 50,579 141,585
Unit: AI: artillery
338,669 438,670 585,679 1123,656 1232,656
Unit: User: infantry
524,266 619,280 697,288 769,303 857,308 963,312
Unit: User: cavalry
417,139 486,138 407,198 480,198 1021,131 1080,135 1147,135 999,193 1075,193 1149,193
Unit: User: artillery
569,167 638,168 718,173 809,174 890,174
map: river
0,332 40,326 105,304 186,271 261,232 331,161 366,98 398,46 414,6
map: swamp
877,665 926,669 1014,580 1086,488 1135,399 1161,330 1125,304 1046,364 983,436

