Unit: AI: infantry
100,580 160,580 220,580 280,580 340,580 460,580 520,580 580,580 640,580 700,580
Unit: AI: cavalry
800,544 840,500 887,460
Unit: AI: artillery
340,640 400,640 460,640
Unit: User: infantry
250,100 300,100 350,100 400,100 450,100 500,100 550,100 600,100 650,100
Unit: User: cavalry
100,200 150,200 200,200 550,200 600,200 650,200 850,80 900,50 980,100 910,145
Unit: User: artillery
250,300 310,300 370,300 430,300 490,300
map: river
839,227 917,287 1015,385 1073,495 1100,639 1072,747 1072,767
